148
626
817
4
312
652
643
134
18
108
706
490
241
254
620
323
414
361
634
915
544
764
594
53
450
478
5
598
448
217
611
819
389
327
940
161
587
922
252
149
710
599
229
165
712
104
141
808
782
838
872
730
307
213
965
832
410
722
825
4
490
314
203
24
705
538
432
464
775
137
560
849
985
105
642
866
471
338
544
852
819
259
681
541
403
913
739
258
939
300
725
58
867
829
418
698
421
71
916
72
974
699
962
642
869
349
13
25
198
332
478
888
788
753
337
609
926
556
655
886
43
703
68
681
647
708
452
427
230
406
660
489
355
816
662
627
568
848
10
743
792
566
969
927
759
910
530
456
883
716
770
575
457
316
378
804
729
445
51
939
546
879
911
327
978
564
541
439
484
658
727
947
723
525
228
473
914
589
602
166
393
413
501
375
649
920
344
200
875
266
568
863
416
335
205
645
712
187
293
497
53
466
812
510
816
657
338
309
35
65
799
459
360
441
461
727
363
964
165
309
329
751
589
947
855
941
158
324
468
825
349
488
733
590
747
282
510
150
863
490
789
481
705
173
235
364
344
15
418
868
831
800
463
439
912
112
330
316
219
488
49
608
666
734
36
136
529
753
468
462
585
991
807
114
65
819
442
519
384
984
846
933
445
910
413
568
711
15
930
376
36
289
801
471
799
415
724
257
39
689
937
398
424
861
382
413
582
531
573
987
917
470
783
215
287
257
661
805
133
655
611
894
488
355
658
426
990
729
341
838
281
620
489
270
494
999
50
413
226
876
578
192
421
145
518
512
79
321
505
80
231
317
519
832
100
618
247
331
545
617
499
507
688
330
347
998
934
993
569
460
188
268
491
432
26
448
922
135
39
580
518
101
912
261
548
250
748
599
379
390
800
523
785
759
888
986
367
181
430
396
247
540
406
649
694
391
524
264
225
304
976
104
752
466
6
504
117
601
471
179
1
571
290
170
197
361
197
898
119
587
865
577
306
293
193
749
630
113
710
350
953
309
173
778
532
960
337
536
120
76
760
786
95
934
734
226
831
998
566
747
732
88
308
19
374
724
466
769
941
909
663
9
914
800
809
95
840
323
721
446
990
632
519
839
453
81
180
766
519
212
170
655
189
527
570
319
942
350
533
108
139
323
146
244
362
496
696
206
898
975
462
454
932
390
149
561
590
6
864
352
640
560
850
453
67
314
692
8
978
385
62
831
590
745
525
680
632
895
686
873
271
545
685
273
431
387
427
956
384
565
313
291
17
43
495
16
649
903
804
834
164
408
650
697
128
154
240
731
415
401
553
767
733
985
312
663
634
236
564
7
895
442
157
26
327
797
242
27
860
198
969
340
49
305
615
677
421
125
230
421
442
296
736
380
196
866
664
755
823
141
196
275
336
897
40
95
165
185
39
589
341
8
792
724
377
963
652
600
732
95
421
735
750
434
266
601
737
388
16
79
36
646
983
297
672
557
492
957
741
17
742
563
285
281
499
578
793
246
39
85
411
186
256
983
59
366
510
69
531
54
238
445
797
824
642
238
33
43
183
84
754
780
77
392
107
110
738
942
556
571
858
603
638
93
655
803
657
928
809
540
703
902
583
229
139
142
132
384
350
486
288
834
91
352
613
764
49
320
749
389
383
321
307
220
622
385
584
260
310
216
70
158
663
913
518
853
893
458
664
509
189
902
747
266
679
413
242
169
82
840
525
324
546
226
934
683
264
430
905
615
933
531
259
686
759
893
560
514
216
675
626
963
334
968
832
856
243
246
344
575
717
658
812
719
3
993
219
907
82
71
566
134
583
358
725
848
305
922
251
286
110
539
707
196
434
105
747
418
310
280
692
136
325
273
30
884
493
318
355
69
686
738
896
663
887
794
771
60
544
649
84
30
489
305
324
801
901
502
736
464
299
29
337
37
749
435
77
213
247
766
820
544
227
75
666
313
11
428
187
994
586
378
237
306
934
96
747
311
446
969
128
894
442
124
65
105
906
694
746
832
35
234
942
568
946
67
387
513
74
870
72
987
100
943
465
856
909
532
540
98
153
506
870
594
634
280
829
988
232
449
317
488
674
721
1000
702
627
804
853
88
181
340
280
49
881
691
426
998
393
738
560
233
119
999
989
808
390
202
868
382
786
7
308
838
236
357
100
68
27
86
797
936
262
67
151
456
493
414
727
301
446
538
803
300
869
932
903
324
770
639
721
131
563
586
150
312
149
31
392
384
66
498
909
35
602
568
897
131
654
645
274
264
895
281
462
244
171
958
649
740
